0.000000
0.000005
0.000001
0.000000
0.000000
0.000003
0.000001
0.000001
0.000001
0.000001
0.000001
0.006570
0.000009
0.000000
0.000000
0.000055
0.000001
0.000001
0.000000
0.000001
0.000000
0.169759
0.000001
0.000001
0.000001
0.000001
0.000001
0.000001
0.000001
0.001904
0.000001
0.000001
0.000000
0.000001
0.000001
0.000001
0.000013
0.000001
0.000001
0.000001
0.000006
0.000000
0.000001
0.000001
0.003012
0.000001
0.000001
0.000001
0.000001
0.000000
0.000001
0.000001
0.000001
0.000001
0.000973
0.000000
0.000001
0.000008
0.000001
0.000001
0.000000
0.000001
0.000001
0.000122
0.000000
0.000001
0.000000
0.000001
0.000001
0.000001
0.333296
0.000000
0.000001
0.000001
0.000001
0.000001
0.000002
0.000001
0.000000
0.000001
0.000001
0.000000
0.000000
0.000001
0.000001
0.000001
0.000001
0.000001
0.000000
0.000306
0.000000
0.000001
0.000001
0.000000
0.000000
0.000000
0.000000
0.000001
0.000001
0.000001
0.000000
0.000001
0.000001
0.000001
0.000001
0.000001
0.000001
0.000000
0.000000
0.000001
0.000001
0.000001
0.000001
0.000001
0.000001
0.000001
0.000000
0.000000
0.000001
0.000001
0.000001
0.000001
0.000000
0.000001
0.000001
0.970966
0.000001
0.000001
0.000000
0.000000
0.000001
0.000001
0.000006
0.000001
0.000000
0.000012
0.000003
0.000000
0.000001
0.000001
0.000000
0.000001
0.000001
0.000000
0.000001
0.000001
0.000001
0.000001
0.000001
0.000001
0.000000
0.000010
0.000001
0.000001
0.000001
0.000001
0.000000
0.000011
0.000001
0.000001
0.000001
0.000023
0.000000
0.000001
0.000010
0.000001
0.000001
0.000002
0.000027
0.000001
0.003491
0.000001
0.000000
0.000001
0.000000
0.000001
0.000000
0.000000
0.000001
0.000001
0.000000
0.000001
0.000000
0.000000
0.000001
0.000008
0.000001
0.000001
0.000001
0.000051
0.000017
0.000099
0.000001
0.000001
0.000003
0.000001
0.000001
0.000001
0.000001
0.000001
0.000000
1.253821
0.000009
0.000000
0.000001
0.000001
0.000001
0.000000
0.000000
0.000000
0.000001
0.000000
0.000001
0.000001
0.000001
0.000001
0.000000
0.000001
0.000001
0.000001
0.000000
0.000002
0.000001
0.000000
0.000001
0.000001
0.000001
0.000000
0.000001
0.000001
0.000001
0.000000
0.000001
0.000000
0.000001
0.000001
0.000001
0.000001
0.000001
0.000001
0.000003
0.000005
0.000001
0.000000
0.000001
0.000001
0.000000
0.000001
0.000001
0.000001
0.091128
0.000001
0.000001
0.000001
0.000001
0.000005
0.000001
0.000000
0.000000
0.000000
0.000001
0.000000
0.000000
0.000000
0.000001
0.000005
0.000002
0.000000
0.000001
0.000001
0.000000
0.000001
0.000001
0.000001
0.000001
0.000001
0.000001
0.000000
0.000001
0.000001
0.000024
0.000000
0.000001
0.000001
0.000001
0.000010
0.000001
0.000000
0.000001
0.000000
0.000001
0.000001
0.000001
0.000000
0.000001
0.000958
0.000001
0.000000
0.000000
0.060095
0.000001
0.000000
0.000000
0.000000
0.000001
0.000001
0.000000
0.000001
0.000001
0.000001
0.000046
0.000000
0.000001
0.000001
0.000001
0.000001
0.000001
0.000003
0.000058
0.000001
0.000001
0.000001
0.000000
0.000000
0.000001
0.000000
0.000001
0.000000
0.000000
0.000000
0.000001
0.000001
0.000001
0.000000
0.000000
0.000000
0.000001
0.000000
0.000001
0.000001
0.000169
0.000001
0.000000
0.000001
0.000001
0.000097
0.001311
0.000001
0.000002
0.000001
0.000001
0.000002
0.000001
0.000000
0.000001
0.000001
0.000017
0.000001
0.000001
0.000001
0.000001
0.000001
0.000001
0.000001
0.000000
0.000001
0.000161
0.000001
0.000001
0.000001
0.000000
0.000000
0.000001
0.000001
0.000001
0.000001
0.000120
0.000001
0.000001
0.000001
0.000001
0.000001
0.000001
0.000001
0.000001
0.000001
0.000001
0.000001
0.000001
0.000001
0.000001
0.000001
0.000000
0.000001
0.000001
0.000001
0.000001
0.000001
0.000002
0.000001
0.000001
0.000001
0.000374
0.000001
0.000002
0.000001
0.000002
0.000000
0.000001
0.000001
0.000001
0.000001
0.000001
0.000000
0.000001
0.000001
0.000001
0.000000
0.000001
0.000001
0.000001
0.000002
0.000001
0.000001
0.000000
0.000001
0.000001
0.000001
0.000001
0.000000
0.000001
0.000001
0.000001
0.000001
0.000001
0.000000
0.000001
0.000000
0.000001
0.000000
0.000001
0.000000
0.000001
0.000002
0.000000
0.000000
0.000001
0.000000
0.000001
0.000001
0.000001
0.000001
0.003887
0.000001
0.000001
0.000001
0.000001
0.000001
0.000002
0.000001
0.000001
0.000001
0.000001
0.000001
0.000001
0.000039
0.000001
0.000044
0.000001
0.000001
0.000001
0.000006
0.000000
0.000001
0.000001
0.000000
0.000001
0.000001
0.000000
0.000001
0.000000
0.000000
0.000009
0.000001
0.000001
0.000001
0.242162
0.000050
0.000000
0.000000
0.000001
0.000001
0.000004
0.000001
0.000001
0.000001
0.000000
0.000001
0.000002
0.000001
0.000001
0.000000
0.000001
0.000000
0.000000
0.000000
0.000707
0.000001
0.000235
0.000001
0.000000
0.000016
0.000000
0.000001
0.000001
0.000000
0.000001
0.000001
0.000000
0.000000
0.000000
0.000000
0.000001
0.000001
0.000005
0.000001
0.000001
0.000001
0.000001
0.000001
0.000001
0.000000
0.000000
0.000492
0.000012
0.000000
0.000000
0.000001
0.000001
0.000018
0.000001
0.000001
0.000002
0.000000
0.000001
0.000000
0.000001
0.000001
0.000000
0.000000
0.000001
0.000000
0.000000
0.000001
0.000001
0.000000
0.000002
0.027896
0.000060
0.000001
0.000001
0.000001
0.000001
0.000001
0.000001
0.000001
0.000001
0.000001
0.000001
0.000001
0.000000
0.000001
0.000001
0.000001
0.000001
0.000001
0.000632
0.000000
0.000001
0.000001
0.000001
0.000001
0.002004
0.000001
0.000010
0.000000
0.000001
0.000001
0.000000
0.000000
0.000001
0.000001
0.000001
0.000001
0.000001
0.000001
0.000001
0.000003
0.000001
0.000001
0.000001
0.000001
0.000001
0.000001
0.000001
0.000001
0.000003
0.000001
0.000001
0.000001
0.000000
0.000000
0.000001
0.000001
0.000213
0.000001
0.000001
0.101608
0.000002
0.000000
0.000000
0.000000
0.000001
0.000002
0.000001
0.000000
0.000001
0.000000
0.000022
0.000001
0.000005
0.000001
0.000001
0.000001
1.883739
0.000000
0.000000
0.000000
0.000001
0.000001
0.002905
0.000000
0.000001
0.000000
0.000001
0.000001
0.000001
0.000001
0.000001
0.000001
0.000001
0.000001
0.000001
0.000000
0.000001
0.000000
0.000023
0.000000
0.000001
0.000001
0.000000
0.000000
0.000001
0.000001
0.000004
0.000002
0.000001
0.000001
0.000001
0.000018
0.000001
0.000001
0.000001
0.000001
0.000001
0.000001
0.000000
0.000001
0.000002
0.000001
0.000000
0.000001
0.000000
0.000001
0.000001
0.000001
0.000105
0.000001
0.000001
0.000000
0.000001
0.000001
0.000001
0.000001
0.000000
0.000002
0.000001
0.000001
0.000001
0.000002
0.000000
0.000001
0.002637
0.000003
0.000001
0.000001
0.000001
0.000001
0.000001
0.000000
0.000000
0.000001
0.000000
0.000002
0.000001
0.000016
0.000000
0.000185
0.000890
0.000005
0.000001
0.000002
0.000001
0.000000
0.000001
0.000001
0.000017
0.000001
0.000000
0.000003
0.000001
0.000000
0.000000
0.000001
0.870729
0.000001
0.000000
0.000001
0.000001
0.000001
0.000001
0.000000
0.000001
0.000001
0.000002
0.000001
0.000001
0.000000
0.000001
0.000000
0.000001
0.000001
0.000001
0.000001
0.000001
0.000000
0.000001
0.000001
0.000000
0.000001
0.000002
0.000001
0.000001
0.000005
0.000001
0.000001
0.000001
0.000001
0.000000
0.000000
0.000002
0.000001
0.000001
0.000000
0.000001
0.000001
0.000609
0.000000
0.000001
0.000001
0.000001
0.000001
0.000001
0.000001
0.000001
0.000000
0.000000
0.000001
0.000001
0.000001
0.000001
0.000000
0.000000
0.000000
1.448990
0.037099
0.000005
0.000000
0.000001
0.000002
0.000000
0.000001
0.000001
0.000001
0.000001
0.000001
0.677626
0.000001
0.000001
0.000003
0.000001
0.000001
0.000000
0.000393
0.000001
0.000001
0.000001
0.000002
0.000001
0.000000
0.000000
0.000000
0.000000
0.000000
0.000001
0.000001
0.000001
0.000001
0.000002
0.000001
0.000000
0.000002
0.000000
0.000001
0.000001
0.000001
0.000001
0.000001
0.000000
0.000001
0.000001
0.000001
0.000000
0.000001
0.000001
0.000001
0.000001
0.000001
0.057325
0.000001
0.000001
0.000000
0.000001
0.000001
0.000003
0.000001
0.000000
0.000001
0.000001
0.000000
0.000001
0.000001
0.000008
0.000000
0.000001
0.000000
0.000001
0.000001
0.000000
0.000337
0.000002
0.000001
0.000000
0.000028
0.000001
0.000001
0.000372
0.000001
0.000000
0.000000
0.000001
0.000001
0.000000
0.000001
0.000001
0.000001
0.000002
0.000001
0.000002
0.000001
0.000001
0.000001
0.000000
0.028262
0.000001
0.000001
0.000001
0.000001
0.000001
0.000001
0.000003
0.000000
0.000000
0.000000
0.000001
0.000001
0.000001
0.000001
0.000000
0.000003
0.000000
0.000001
0.000000
0.000000
0.000000
0.000005
0.000001
0.000001
0.000001
0.000007
0.000018
0.000001
0.000000
0.000001
0.000001
0.000000
0.000001
0.000001
0.000001
0.002382
0.000001
0.000000
0.000000
0.000000
0.000000
0.000031
0.000001
0.000230
0.000003
0.000002
0.000008
0.000001
0.000001
0.000001
0.000002
0.000001
0.000001
0.000001
0.000001
0.000000
0.000001
0.000001
0.000001
0.000001
0.000001
0.000001
0.000000
0.000007
0.000001
0.000000
0.000001
0.000001
0.000001
0.000001
0.000001
0.000001
0.000001
0.000001
0.000001
0.000001
0.000001
0.000000
0.000001
0.000000
0.000005
0.000001
0.000001
0.000000
0.000002
0.000000
0.000002
0.000001
0.000001
0.000001
0.000000
0.000001
0.000001
0.000001
0.000001
0.000000
0.000009
0.000076
0.000000
0.000001
0.000003
0.000000
0.000001
0.000001
0.000001
0.000004
